0.0100 0.5000 0.0000 
0.0200 1.0000 0.0500 
0.0300 1.5000 0.1014 
0.0400 2.0000 0.1514 
0.0500 2.5000 0.2028 
0.0600 3.0000 0.2529 
0.0700 3.5000 0.3034 
0.0800 4.0000 0.3534 
0.0900 4.5000 0.4036 
0.1000 5.0000 0.4536 
0.1100 5.5000 0.5037 
0.1200 6.0000 0.5542 
0.1300 6.5000 0.6042 
0.1400 7.0000 0.6542 
0.1500 7.5000 0.7059 
0.1600 8.0000 0.7560 
0.1700 8.5000 0.8067 
0.1800 9.0000 0.8590 
0.1900 9.5000 0.9090 
0.2000 10.0000 0.9600 
0.2100 10.5000 1.0100 
0.2200 11.0000 1.0604 
0.2300 11.5000 1.1104 
0.2400 12.0000 1.1607 
0.2500 12.5000 1.2107 
0.2600 13.0000 1.2607 
0.2700 13.5000 1.3107 
0.2800 14.0000 1.3609 
0.2900 14.5000 1.4123 
0.3000 15.0000 1.4623 
0.3100 15.5000 1.5123 
0.3200 16.0000 1.5646 
0.3300 16.5000 1.6146 
0.3400 17.0000 1.6646 
0.3500 17.5000 1.7147 
0.3600 18.0000 1.7647 
0.3700 18.5000 1.8161 
0.3800 19.0000 1.8663 
0.3900 19.5000 1.9163 
0.4000 20.0000 1.9663 
0.4100 20.5000 2.0168 
0.4200 21.0000 2.0668 
0.4300 21.5000 2.1178 
0.4400 22.0000 2.1684 
0.4500 22.5000 2.2195 
0.4600 23.0000 2.2695 
0.4700 23.5000 2.3195 
0.4800 24.0000 2.3706 
0.4900 24.5000 2.4206 
0.5000 25.0000 2.4710 
0.5100 25.5000 2.5210 
0.5200 26.0000 2.5710 
0.5300 26.5000 2.6210 
0.5400 27.0000 2.6712 
0.5500 27.5000 2.7213 
0.5600 28.0000 2.7713 
0.5700 28.5000 2.8214 
0.5800 29.0000 2.8714 
0.5900 29.5000 2.9214 
0.6000 30.0000 2.9714 
0.6100 30.5000 3.0214 
0.6200 31.0000 3.0724 
0.6300 31.5000 3.1226 
0.6400 32.0000 3.1733 
0.6500 32.5000 3.2234 
0.6600 33.0000 3.2750 
0.6700 33.5000 3.3250 
0.6800 34.0000 3.3751 
0.6900 34.5000 3.4251 
0.7000 35.0000 3.4756 
0.7100 35.5000 3.5256 
0.7200 36.0000 3.5762 
0.7300 36.5000 3.6264 
0.7400 37.0000 3.6768 
0.7500 37.5000 3.7270 
0.7600 38.0000 3.7772 
0.7700 38.5000 3.8274 
0.7800 39.0000 3.8775 
0.7900 39.5000 3.9277 
0.8000 40.0000 3.9789 
0.8100 40.5000 4.0289 
0.8200 41.0000 4.0796 
0.8300 41.5000 4.1296 
0.8400 42.0000 4.1803 
0.8500 42.5000 4.2303 
0.8600 43.0000 4.2805 
0.8700 43.5000 4.3307 
0.8800 44.0000 4.3814 
0.8900 44.5000 4.4317 
0.9000 45.0000 4.4818 
0.9100 45.5000 4.5319 
0.9200 46.0000 4.5820 
0.9300 46.5000 4.6320 
0.9400 47.0000 4.6822 
0.9500 47.5000 4.7340 
0.9600 48.0000 4.7841 
0.9700 48.5000 4.8348 
0.9800 49.0000 4.8848 
0.9900 49.5000 4.9350 
1.0000 50.0000 4.9850 
1.0100 50.5000 5.0353 
1.0200 51.0000 5.0853 
1.0300 51.5000 5.1356 
1.0400 52.0000 5.1856 
1.0500 52.5000 5.2357 
1.0600 53.0000 5.2872 
1.0700 53.5000 5.3372 
1.0800 54.0000 5.3875 
1.0900 54.5000 5.4375 
1.1000 55.0000 5.4875 
1.1100 55.5000 5.5377 
1.1200 56.0000 5.5898 
1.1300 56.5000 5.6399 
1.1400 57.0000 5.6899 
1.1500 57.5000 5.7403 
1.1600 58.0000 5.7906 
1.1700 58.5000 5.8409 
1.1800 59.0000 5.8909 
1.1900 59.5000 5.9409 
1.2000 60.0000 5.9913 
1.2100 60.5000 6.0414 
1.2200 61.0000 6.0933 
1.2300 61.5000 6.1433 
1.2400 62.0000 6.1935 
1.2500 62.5000 6.2437 
1.2600 63.0000 6.2937 
1.2700 63.5000 6.3437 
1.2800 64.0000 6.3950 
1.2900 64.5000 6.4456 
1.3000 65.0000 6.4957 
1.3100 65.5000 6.5457 
1.3200 66.0000 6.5957 
1.3300 66.5000 6.6481 
1.3400 67.0000 6.6982 
1.3500 67.5000 6.7482 
1.3600 68.0000 6.7986 
1.3700 68.5000 6.8492 
1.3800 69.0000 6.8992 
1.3900 69.5000 6.9492 
1.4000 70.0000 6.9995 
1.4100 70.5000 7.0498 
1.4200 71.0000 7.1001 
1.4300 71.5000 7.1501 
1.4400 72.0000 7.2005 
1.4500 72.5000 7.2505 
1.4600 73.0000 7.3008 
1.4700 73.5000 7.3521 
1.4800 74.0000 7.4021 
1.4900 74.5000 7.4524 
1.5000 75.0000 7.5024 
1.5100 75.5000 7.5529 
1.5200 76.0000 7.6029 
1.5300 76.5000 7.6530 
1.5400 77.0000 7.7040 
1.5500 77.5000 7.7540 
1.5600 78.0000 7.8043 
1.5700 78.5000 7.8543 
1.5800 79.0000 7.9043 
1.5900 79.5000 7.9546 
1.6000 80.0000 8.0048 
1.6100 80.5000 8.0555 
1.6200 81.0000 8.1055 
1.6300 81.5000 8.1587 
1.6400 82.0000 8.2088 
1.6500 82.5000 8.2588 
1.6600 83.0000 8.3088 
1.6700 83.5000 8.3588 
1.6800 84.0000 8.4107 
1.6900 84.5000 8.4608 
1.7000 85.0000 8.5110 
1.7100 85.5000 8.5613 
1.7200 86.0000 8.6113 
1.7300 86.5000 8.6616 
1.7400 87.0000 8.7121 
1.7500 87.5000 8.7621 
1.7600 88.0000 8.8122 
1.7700 88.5000 8.8630 
1.7800 89.0000 8.9130 
1.7900 89.5000 8.9634 
1.8000 90.0000 9.0141 
1.8100 90.5000 9.0642 
1.8200 91.0000 9.1142 
1.8300 91.5000 9.1642 
1.8400 92.0000 9.2159 
1.8500 92.5000 9.2663 
1.8600 93.0000 9.3163 
1.8700 93.5000 9.3675 
1.8800 94.0000 9.4175 
1.8900 94.5000 9.4676 
1.9000 95.0000 9.5176 
1.9100 95.5000 9.5679 
1.9200 96.0000 9.6184 
1.9300 96.5000 9.6685 
1.9400 97.0000 9.7191 
1.9500 97.5000 9.7692 
1.9600 98.0000 9.8192 
1.9700 98.5000 9.8696 
1.9800 99.0000 9.9203 
1.9900 99.5000 9.9703 
2.0000 100.0000 10.0203 
2.0100 100.5000 10.0706 
2.0200 101.0000 10.1216 
2.0300 101.5000 10.1716 
2.0400 102.0000 10.2216 
2.0500 102.5000 10.2722 
2.0600 103.0000 10.3222 
2.0700 103.5000 10.3727 
2.0800 104.0000 10.4227 
2.0900 104.5000 10.4729 
2.1000 105.0000 10.5234 
2.1100 105.5000 10.5734 
2.1200 106.0000 10.6240 
2.1300 106.5000 10.6748 
2.1400 107.0000 10.7250 
2.1500 107.5000 10.7750 
2.1600 108.0000 10.8250 
2.1700 108.5000 10.8752 
2.1800 109.0000 10.9252 
2.1900 109.5000 10.9757 
2.2000 110.0000 11.0259 
2.2100 110.5000 11.0761 
2.2200 111.0000 11.1268 
2.2300 111.5000 11.1770 
2.2400 112.0000 11.2297 
2.2500 112.5000 11.2804 
2.2600 113.0000 11.3312 
2.2700 113.5000 11.3813 
2.2800 114.0000 11.4335 
2.2900 114.5000 11.4836 
2.3000 115.0000 11.5336 
2.3100 115.5000 11.5844 
2.3200 116.0000 11.6344 
2.3300 116.5000 11.6849 
2.3400 117.0000 11.7349 
2.3500 117.5000 11.7855 
2.3600 118.0000 11.8355 
2.3700 118.5000 11.8868 
2.3800 119.0000 11.9369 
2.3900 119.5000 11.9874 
2.4000 120.0000 12.0375 
2.4100 120.5000 12.0881 
2.4200 121.0000 12.1385 
2.4300 121.5000 12.1887 
2.4400 122.0000 12.2388 
2.4500 122.5000 12.2898 
2.4600 123.0000 12.3398 
2.4700 123.5000 12.3937 
2.4800 124.0000 12.4437 
2.4900 124.5000 12.4940 
2.5000 125.0000 12.5440 
2.5100 125.5000 12.5940 
2.5200 126.0000 12.6440 
2.5300 126.5000 12.6943 
2.5400 127.0000 12.7443 
2.5500 127.5000 12.7965 
2.5600 128.0000 12.8468 
2.5700 128.5000 12.8968 
2.5800 129.0000 12.9478 
2.5900 129.5000 12.9978 
2.6000 130.0000 13.0492 
2.6100 130.5000 13.0994 
2.6200 131.0000 13.1495 
2.6300 131.5000 13.1995 
2.6400 132.0000 13.2499 
2.6500 132.5000 13.2999 
2.6600 133.0000 13.3507 
2.6700 133.5000 13.4008 
2.6800 134.0000 13.4508 
2.6900 134.5000 13.5008 
2.7000 135.0000 13.5508 
2.7100 135.5000 13.6018 
2.7200 136.0000 13.6518 
2.7300 136.5000 13.7020 
2.7400 137.0000 13.7531 
2.7500 137.5000 13.8035 
2.7600 138.0000 13.8539 
2.7700 138.5000 13.9054 
2.7800 139.0000 13.9554 
2.7900 139.5000 14.0054 
2.8000 140.0000 14.0567 
2.8100 140.5000 14.1067 
2.8200 141.0000 14.1571 
2.8300 141.5000 14.2072 
2.8400 142.0000 14.2575 
2.8500 142.5000 14.3077 
2.8600 143.0000 14.3587 
2.8700 143.5000 14.4090 
2.8800 144.0000 14.4593 
2.8900 144.5000 14.5109 
2.9000 145.0000 14.5609 
2.9100 145.5000 14.6117 
2.9200 146.0000 14.6637 
2.9300 146.5000 14.7137 
2.9400 147.0000 14.7638 
2.9500 147.5000 14.8138 
2.9600 148.0000 14.8655 
2.9700 148.5000 14.9155 
2.9800 149.0000 14.9698 
2.9900 149.5000 15.0198 
3.0000 150.0000 15.0715 
3.0100 150.5000 15.1218 
3.0200 151.0000 15.1718 
3.0300 151.5000 15.2218 
3.0400 152.0000 15.2719 
3.0500 152.5000 15.3220 
3.0600 153.0000 15.3735 
3.0700 153.5000 15.4236 
3.0800 154.0000 15.4736 
3.0900 154.5000 15.5261 
3.1000 155.0000 15.5766 
3.1100 155.5000 15.6266 
3.1200 156.0000 15.6786 
3.1300 156.5000 15.7286 
3.1400 157.0000 15.7787 
3.1500 157.5000 15.8291 
3.1600 158.0000 15.8824 
3.1700 158.5000 15.9324 
3.1800 159.0000 15.9840 
3.1900 159.5000 16.0341 
3.2000 160.0000 16.0847 
3.2100 160.5000 16.1347 
3.2200 161.0000 16.1849 
3.2300 161.5000 16.2357 
3.2400 162.0000 16.2869 
3.2500 162.5000 16.3419 
3.2600 163.0000 16.3920 
3.2700 163.5000 16.4435 
3.2800 164.0000 16.4938 
3.2900 164.5000 16.5440 
3.3000 165.0000 16.5940 
3.3100 165.5000 16.6459 
3.3200 166.0000 16.6960 
3.3300 166.5000 16.7470 
3.3400 167.0000 16.7973 
3.3500 167.5000 16.8473 
3.3600 168.0000 16.8973 
3.3700 168.5000 16.9474 
3.3800 169.0000 16.9983 
3.3900 169.5000 17.0485 
3.4000 170.0000 17.1029 
3.4100 170.5000 17.1529 
3.4200 171.0000 17.2029 
3.4300 171.5000 17.2529 
3.4400 172.0000 17.3031 
3.4500 172.5000 17.3531 
3.4600 173.0000 17.4056 
3.4700 173.5000 17.4557 
3.4800 174.0000 17.5057 
3.4900 174.5000 17.5630 
3.5000 175.0000 17.6130 
3.5100 175.5000 17.6631 
3.5200 176.0000 17.7131 
3.5300 176.5000 17.7640 
3.5400 177.0000 17.8144 
3.5500 177.5000 17.8645 
3.5600 178.0000 17.9145 
3.5700 178.5000 17.9645 
3.5800 179.0000 18.0145 
3.5900 179.5000 18.0645 
3.6000 180.0000 18.1149 
3.6100 180.5000 18.1649 
3.6200 181.0000 18.2177 
3.6300 181.5000 18.2677 
3.6400 182.0000 18.3177 
3.6500 182.5000 18.3692 
3.6600 183.0000 18.4200 
3.6700 183.5000 18.4700 
3.6800 184.0000 18.5201 
3.6900 184.5000 18.5715 
3.7000 185.0000 18.6215 
3.7100 185.5000 18.6721 
3.7200 186.0000 18.7222 
3.7300 186.5000 18.7723 
3.7400 187.0000 18.8241 
3.7500 187.5000 18.8744 
3.7600 188.0000 18.9244 
3.7700 188.5000 18.9751 
3.7800 189.0000 19.0251 
3.7900 189.5000 19.0755 
3.8000 190.0000 19.1256 
3.8100 190.5000 19.1809 
3.8200 191.0000 19.2309 
3.8300 191.5000 19.2814 
3.8400 192.0000 19.3314 
3.8500 192.5000 19.3816 
3.8600 193.0000 19.4317 
3.8700 193.5000 19.4818 
3.8800 194.0000 19.5319 
3.8900 194.5000 19.5831 
3.9000 195.0000 19.6331 
3.9100 195.5000 19.6833 
3.9200 196.0000 19.7338 
3.9300 196.5000 19.7841 
3.9400 197.0000 19.8366 
3.9500 197.5000 19.8866 
3.9600 198.0000 19.9397 
3.9700 198.5000 19.9899 
3.9800 199.0000 20.0399 
3.9900 199.5000 20.0903 
4.0000 200.0000 20.1403 
4.0100 200.5000 20.1920 
4.0200 201.0000 20.2462 
4.0300 201.5000 20.2966 
4.0400 202.0000 20.3501 
4.0500 202.5000 20.4002 
4.0600 203.0000 20.4503 
4.0700 203.5000 20.5003 
4.0800 204.0000 20.5504 
4.0900 204.5000 20.6004 
4.1000 205.0000 20.6504 
4.1100 205.5000 20.7025 
4.1200 206.0000 20.7525 
4.1300 206.5000 20.8025 
4.1400 207.0000 20.8528 
4.1500 207.5000 20.9030 
4.1600 208.0000 20.9534 
4.1700 208.5000 21.0086 
4.1800 209.0000 21.0586 
4.1900 209.5000 21.1091 
4.2000 210.0000 21.1591 
4.2100 210.5000 21.2096 
4.2200 211.0000 21.2597 
4.2300 211.5000 21.3097 
4.2400 212.0000 21.3604 
4.2500 212.5000 21.4105 
4.2600 213.0000 21.4606 
4.2700 213.5000 21.5106 
4.2800 214.0000 21.5615 
4.2900 214.5000 21.6124 
4.3000 215.0000 21.6624 
4.3100 215.5000 21.7150 
4.3200 216.0000 21.7650 
4.3300 216.5000 21.8151 
4.3400 217.0000 21.8651 
4.3500 217.5000 21.9151 
4.3600 218.0000 21.9667 
4.3700 218.5000 22.0169 
4.3800 219.0000 22.0703 
4.3900 219.5000 22.1255 
4.4000 220.0000 22.1758 
4.4100 220.5000 22.2300 
4.4200 221.0000 22.2800 
4.4300 221.5000 22.3306 
4.4400 222.0000 22.3806 
4.4500 222.5000 22.4308 
4.4600 223.0000 22.4808 
4.4700 223.5000 22.5308 
4.4800 224.0000 22.5823 
4.4900 224.5000 22.6323 
4.5000 225.0000 22.6824 
4.5100 225.5000 22.7324 
4.5200 226.0000 22.7864 
4.5300 226.5000 22.8381 
4.5400 227.0000 22.8881 
4.5500 227.5000 22.9382 
4.5600 228.0000 22.9884 
4.5700 228.5000 23.0394 
4.5800 229.0000 23.0895 
4.5900 229.5000 23.1397 
4.6000 230.0000 23.1982 
4.6100 230.5000 23.2482 
4.6200 231.0000 23.3003 
4.6300 231.5000 23.3503 
4.6400 232.0000 23.4025 
4.6500 232.5000 23.4525 
4.6600 233.0000 23.5046 
4.6700 233.5000 23.5546 
4.6800 234.0000 23.6047 
4.6900 234.5000 23.6663 
4.7000 235.0000 23.7163 
4.7100 235.5000 23.7666 
4.7200 236.0000 23.8166 
4.7300 236.5000 23.8691 
4.7400 237.0000 23.9197 
4.7500 237.5000 23.9740 
4.7600 238.0000 24.0240 
4.7700 238.5000 24.0747 
4.7800 239.0000 24.1247 
4.7900 239.5000 24.1749 
4.8000 240.0000 24.2262 
4.8100 240.5000 24.2763 
4.8200 241.0000 24.3266 
4.8300 241.5000 24.3767 
4.8400 242.0000 24.4269 
4.8500 242.5000 24.4789 
4.8600 243.0000 24.5289 
4.8700 243.5000 24.5790 
4.8800 244.0000 24.6296 
4.8900 244.5000 24.6799 
4.9000 245.0000 24.7300 
4.9100 245.5000 24.7879 
4.9200 246.0000 24.8379 
4.9300 246.5000 24.8911 
4.9400 247.0000 24.9412 
4.9500 247.5000 24.9970 
4.9600 248.0000 25.0470 
4.9700 248.5000 25.0974 
4.9800 249.0000 25.1474 
4.9900 249.5000 25.2006 
5.0000 250.0000 25.2506 
5.0100 250.5000 25.3016 
5.0200 251.0000 25.3516 
5.0300 251.5000 25.4016 
5.0400 252.0000 25.4522 
5.0500 252.5000 25.5022 
5.0600 253.0000 25.5524 
5.0700 253.5000 25.6078 
5.0800 254.0000 25.6581 
5.0900 254.5000 25.7081 
5.1000 255.0000 25.7581 
5.1100 255.5000 25.8110 
5.1200 256.0000 25.8713 
5.1300 256.5000 25.9213 
5.1400 257.0000 25.9713 
5.1500 257.5000 26.0214 
5.1600 258.0000 26.0716 
5.1700 258.5000 26.1384 
5.1800 259.0000 26.1885 
5.1900 259.5000 26.2389 
5.2000 260.0000 26.2890 
5.2100 260.5000 26.3395 
5.2200 261.0000 26.3898 
5.2300 261.5000 26.4470 
5.2400 262.0000 26.4982 
5.2500 262.5000 26.5482 
5.2600 263.0000 26.5983 
5.2700 263.5000 26.6495 
5.2800 264.0000 26.6995 
5.2900 264.5000 26.7496 
5.3000 265.0000 26.8060 
5.3100 265.5000 26.8560 
5.3200 266.0000 26.9060 
5.3300 266.5000 26.9560 
5.3400 267.0000 27.0077 
5.3500 267.5000 27.0578 
5.3600 268.0000 27.1078 
5.3700 268.5000 27.1586 
5.3800 269.0000 27.2090 
5.3900 269.5000 27.2594 
5.4000 270.0000 27.3169 
5.4100 270.5000 27.3669 
5.4200 271.0000 27.4174 
5.4300 271.5000 27.4689 
5.4400 272.0000 27.5190 
5.4500 272.5000 27.5821 
5.4600 273.0000 27.6321 
5.4700 273.5000 27.6822 
5.4800 274.0000 27.7328 
5.4900 274.5000 27.7829 
5.5000 275.0000 27.8329 
5.5100 275.5000 27.8854 
5.5200 276.0000 27.9436 
5.5300 276.5000 27.9936 
5.5400 277.0000 28.0437 
5.5500 277.5000 28.1088 
5.5600 278.0000 28.1589 
5.5700 278.5000 28.2089 
5.5800 279.0000 28.2589 
5.5900 279.5000 28.3090 
5.6000 280.0000 28.3599 
5.6100 280.5000 28.4109 
5.6200 281.0000 28.4616 
5.6300 281.5000 28.5227 
5.6400 282.0000 28.5828 
5.6500 282.5000 28.6328 
5.6600 283.0000 28.6830 
5.6700 283.5000 28.7330 
5.6800 284.0000 28.7833 
5.6900 284.5000 28.8333 
5.7000 285.0000 28.8834 
5.7100 285.5000 28.9334 
5.7200 286.0000 28.9834 
5.7300 286.5000 29.0335 
5.7400 287.0000 29.0918 
5.7500 287.5000 29.1420 
5.7600 288.0000 29.1925 
5.7700 288.5000 29.2425 
5.7800 289.0000 29.2925 
5.7900 289.5000 29.3481 
5.8000 290.0000 29.3981 
5.8100 290.5000 29.4484 
5.8200 291.0000 29.4984 
5.8300 291.5000 29.5505 
5.8400 292.0000 29.6376 
5.8500 292.5000 29.6880 
5.8600 293.0000 29.7380 
5.8700 293.5000 29.7881 
5.8800 294.0000 29.8382 
5.8900 294.5000 29.8883 
5.9000 295.0000 29.9415 
5.9100 295.5000 29.9915 
5.9200 296.0000 30.0416 
5.9300 296.5000 30.0961 
5.9400 297.0000 30.1461 
5.9500 297.5000 30.1962 
5.9600 298.0000 30.2462 
5.9700 298.5000 30.2962 
5.9800 299.0000 30.3463 
5.9900 299.5000 30.4027 
6.0000 300.0000 30.4527 
6.0100 300.5000 30.5028 
6.0200 301.0000 30.5568 
6.0300 301.5000 30.6075 
6.0400 302.0000 30.6586 
6.0500 302.5000 30.7086 
6.0600 303.0000 30.7587 
6.0700 303.5000 30.8350 
6.0800 304.0000 30.8851 
6.0900 304.5000 30.9353 
6.1000 305.0000 30.9855 
6.1100 305.5000 31.0366 
6.1200 306.0000 31.0875 
6.1300 306.5000 31.1376 
6.1400 307.0000 31.1904 
6.1500 307.5000 31.2404 
6.1600 308.0000 31.2906 
6.1700 308.5000 31.3406 
6.1800 309.0000 31.3906 
6.1900 309.5000 31.4532 
6.2000 310.0000 31.5514 
6.2100 310.5000 31.6096 
6.2200 311.0000 31.6597 
6.2300 311.5000 31.7097 
6.2400 312.0000 31.7693 
6.2500 312.5000 31.8193 
6.2600 313.0000 31.8694 
6.2700 313.5000 31.9194 
6.2800 314.0000 31.9700 
6.2900 314.5000 32.0200 
6.3000 315.0000 32.0899 
6.3100 315.5000 32.1428 
6.3200 316.0000 32.1931 
6.3300 316.5000 32.2432 
6.3400 317.0000 32.2941 
6.3500 317.5000 32.3442 
6.3600 318.0000 32.3942 
6.3700 318.5000 32.4442 
6.3800 319.0000 32.4992 
6.3900 319.5000 32.5492 
6.4000 320.0000 32.6007 
6.4100 320.5000 32.6507 
6.4200 321.0000 32.7008 
6.4300 321.5000 32.7508 
6.4400 322.0000 32.8011 
6.4500 322.5000 32.8514 
6.4600 323.0000 32.9251 
6.4700 323.5000 32.9751 
6.4800 324.0000 33.0252 
6.4900 324.5000 33.0756 
6.5000 325.0000 33.1257 
6.5100 325.5000 33.1769 
6.5200 326.0000 33.2270 
6.5300 326.5000 33.2775 
6.5400 327.0000 33.3275 
6.5500 327.5000 33.4352 
6.5600 328.0000 33.4852 
6.5700 328.5000 33.5357 
6.5800 329.0000 33.5858 
6.5900 329.5000 33.6411 
6.6000 330.0000 33.6911 
6.6100 330.5000 33.7413 
6.6200 331.0000 33.8149 
6.6300 331.5000 33.8765 
6.6400 332.0000 33.9265 
6.6500 332.5000 33.9765 
6.6600 333.0000 34.0276 
6.6700 333.5000 34.0776 
6.6800 334.0000 34.1279 
6.6900 334.5000 34.1815 
6.7000 335.0000 34.2466 
6.7100 335.5000 34.2994 
6.7200 336.0000 34.3495 
6.7300 336.5000 34.4019 
6.7400 337.0000 34.4554 
6.7500 337.5000 34.5074 
6.7600 338.0000 34.5575 
6.7700 338.5000 34.6094 
6.7800 339.0000 34.6706 
6.7900 339.5000 34.7206 
6.8000 340.0000 34.7707 
6.8100 340.5000 34.8210 
6.8200 341.0000 34.9507 
6.8300 341.5000 35.0008 
6.8400 342.0000 35.0597 
6.8500 342.5000 35.1098 
6.8600 343.0000 35.1598 
6.8700 343.5000 35.2102 
6.8800 344.0000 35.2602 
6.8900 344.5000 35.3166 
6.9000 345.0000 35.3666 
6.9100 345.5000 35.4166 
6.9200 346.0000 35.4667 
6.9300 346.5000 35.5167 
6.9400 347.0000 35.5676 
6.9500 347.5000 35.6619 
6.9600 348.0000 35.7120 
6.9700 348.5000 35.7637 
6.9800 349.0000 35.8138 
6.9900 349.5000 35.9896 
7.0000 350.0000 36.0396 
7.0100 350.5000 36.0896 
7.0200 351.0000 36.1397 
7.0300 351.5000 36.1899 
7.0400 352.0000 36.2400 
7.0500 352.5000 36.2901 
7.0600 353.0000 36.3466 
7.0700 353.5000 36.3967 
7.0800 354.0000 36.4472 
7.0900 354.5000 36.4973 
7.1000 355.0000 36.5727 
7.1100 355.5000 36.6227 
7.1200 356.0000 36.7211 
7.1300 356.5000 36.7712 
7.1400 357.0000 36.8212 
7.1500 357.5000 36.8717 
7.1600 358.0000 36.9219 
7.1700 358.5000 36.9733 
7.1800 359.0000 37.1098 
7.1900 359.5000 37.1602 
7.2000 360.0000 37.2117 
7.2100 360.5000 37.2618 
7.2200 361.0000 37.5016 
7.2300 361.5000 37.5517 
7.2400 362.0000 37.6017 
7.2500 362.5000 37.6518 
7.2600 363.0000 37.7018 
7.2700 363.5000 37.7518 
7.2800 364.0000 37.8019 
7.2900 364.5000 37.8519 
7.3000 365.0000 38.0220 
7.3100 365.5000 38.0790 
7.3200 366.0000 38.1296 
7.3300 366.5000 38.1798 
7.3400 367.0000 38.2368 
7.3500 367.5000 38.2868 
7.3600 368.0000 38.4264 
7.3700 368.5000 38.4764 
7.3800 369.0000 38.5470 
7.3900 369.5000 38.5973 
7.4000 370.0000 38.6474 
7.4100 370.5000 38.6977 
7.4200 371.0000 38.7477 
7.4300 371.5000 38.7978 
7.4400 372.0000 38.8478 
7.4500 372.5000 38.8982 
7.4600 373.0000 39.1286 
7.4700 373.5000 39.1800 
7.4800 374.0000 39.2300 
7.4900 374.5000 39.2801 
7.5000 375.0000 39.3303 
7.5100 375.5000 39.3816 
7.5200 376.0000 39.4316 
7.5300 376.5000 39.4818 
7.5400 377.0000 39.5335 
7.5500 377.5000 39.5836 
7.5600 378.0000 39.6336 
7.5700 378.5000 39.6845 
7.5800 379.0000 39.7635 
7.5900 379.5000 39.8428 
7.6000 380.0000 39.8997 
7.6100 380.5000 40.4669 
7.6200 381.0000 40.5173 
7.6300 381.5000 40.5673 
7.6400 382.0000 40.6173 
7.6500 382.5000 40.6674 
7.6600 383.0000 40.7174 
7.6700 383.5000 40.7676 
7.6800 384.0000 40.8180 
7.6900 384.5000 40.8755 
7.7000 385.0000 40.9258 
7.7100 385.5000 40.9763 
7.7200 386.0000 41.1165 
7.7300 386.5000 41.1672 
7.7400 387.0000 41.3810 
7.7500 387.5000 41.4310 
7.7600 388.0000 41.5721 
7.7700 388.5000 41.6225 
7.7800 389.0000 41.6726 
7.7900 389.5000 41.7226 
7.8000 390.0000 42.5390 
7.8100 390.5000 42.5890 
7.8200 391.0000 42.6391 
7.8300 391.5000 42.6891 
7.8400 392.0000 42.7391 
7.8500 392.5000 42.7899 
7.8600 393.0000 42.8408 
7.8700 393.5000 42.8910 
7.8800 394.0000 42.9412 
7.8900 394.5000 44.5351 
7.9000 395.0000 44.5851 
7.9100 395.5000 44.6352 
7.9200 396.0000 44.6852 
7.9300 396.5000 45.1202 
7.9400 397.0000 45.1704 
7.9500 397.5000 45.2204 
7.9600 398.0000 45.9485 
7.9700 398.5000 45.9987 
7.9800 399.0000 46.0687 
7.9900 399.5000 46.1189 
8.0000 400.0000 46.1696 
8.0100 400.5000 46.2197 
8.0200 401.0000 46.2697 
8.0300 401.5000 49.6795 
8.0400 402.0000 49.7295 
8.0500 402.5000 50.9864 
8.0600 403.0000 51.1735 
8.0700 403.5000 52.0533 
8.0800 404.0000 52.1033 
8.0900 404.5000 52.1534 
8.1000 405.0000 52.2034 
8.1100 405.5000 52.2535 
8.1200 406.0000 52.3035 
8.1300 406.5000 52.3536 
8.1400 407.0000 52.4036 
8.1500 407.5000 52.4537 
8.1600 408.0000 60.2601 
8.1700 408.5000 60.3102 
8.1800 409.0000 60.3602 
8.1900 409.5000 60.4103 
8.2000 410.0000 60.4603 
8.2100 410.5000 60.5103 
8.2200 411.0000 60.5604 
8.2300 411.5000 60.6104 
8.2400 412.0000 65.5174 
8.2500 412.5000 65.5675 
8.2600 413.0000 67.9387 
8.2700 413.5000 67.9888 
8.2800 414.0000 68.0388 
8.2900 414.5000 68.0889 
8.3000 415.0000 71.7443 
8.3100 415.5000 71.7943 
8.3200 416.0000 71.8445 
8.3300 416.5000 77.2020 
8.3400 417.0000 77.2521 
8.3500 417.5000 77.3021 
8.3600 418.0000 80.9572 
8.3700 418.5000 81.0072 
8.3800 419.0000 81.0665 
8.3900 419.5000 81.1165 
8.4000 420.0000 81.1666 
8.4100 420.5000 87.8633 
8.4200 421.0000 87.9133 
8.4300 421.5000 87.9644 
8.4400 422.0000 88.0145 
8.4500 422.5000 88.0645 
8.4600 423.0000 99.5297 
8.4700 423.5000 99.5798 
8.4800 424.0000 99.6298 
8.4900 424.5000 99.6799 
8.5000 425.0000 99.7303 
8.5100 425.5000 99.7803 
8.5200 426.0000 99.8303 
8.5300 426.5000 99.8804 
8.5400 427.0000 99.9304 
8.5500 427.5000 115.4855 
8.5600 428.0000 115.5356 
8.5700 428.5000 115.5857 
8.5800 429.0000 115.6358 
8.5900 429.5000 115.7142 
8.6000 430.0000 115.7643 
8.6100 430.5000 135.8314 
8.6200 431.0000 135.8815 
8.6300 431.5000 135.9346 
8.6400 432.0000 135.9855 
8.6500 432.5000 136.0356 
8.6600 433.0000 136.0873 
8.6700 433.5000 136.1376 
8.6800 434.0000 144.5593 
8.6900 434.5000 151.7718 
8.7000 435.0000 151.8218 
8.7100 435.5000 151.8719 
8.7200 436.0000 151.9219 
8.7300 436.5000 165.5026 
8.7400 437.0000 165.5529 
8.7500 437.5000 165.6029 
8.7600 438.0000 165.6530 
8.7700 438.5000 165.7034 
8.7800 439.0000 165.7534 
8.7900 439.5000 165.8034 
8.8000 440.0000 192.9377 
8.8100 440.5000 192.9877 
8.8200 441.0000 195.9260 
8.8300 441.5000 195.9761 
8.8400 442.0000 211.4974 
8.8500 442.5000 211.5475 
8.8600 443.0000 211.5975 
8.8700 443.5000 220.9100 
8.8800 444.0000 220.9600 
8.8900 444.5000 221.0110 
8.9000 445.0000 221.0610 
8.9100 445.5000 221.1114 
8.9200 446.0000 249.6421 
8.9300 446.5000 249.6922 
8.9400 447.0000 249.7422 
8.9500 447.5000 258.9143 
8.9600 448.0000 258.9694 
8.9700 448.5000 259.0194 
8.9800 449.0000 259.0697 
8.9900 449.5000 259.1198 
9.0000 450.0000 284.9117 
9.0100 450.5000 284.9617 
9.0200 451.0000 285.0119 
9.0300 451.5000 285.0623 
9.0400 452.0000 285.1123 
9.0500 452.5000 308.0789 
9.0600 453.0000 308.1647 
9.0700 453.5000 308.2148 
9.0800 454.0000 308.2662 
9.0900 454.5000 326.8035 
9.1000 455.0000 326.8535 
9.1100 455.5000 326.9036 
9.1200 456.0000 326.9537 
9.1300 456.5000 327.0085 
9.1400 457.0000 327.0586 
9.1500 457.5000 327.1087 
9.1600 458.0000 327.1588 
9.1700 458.5000 354.9043 
9.1800 459.0000 354.9544 
9.1900 459.5000 364.1396 
9.2000 460.0000 364.1900 
9.2100 460.5000 364.2400 
9.2200 461.0000 364.2901 
9.2300 461.5000 364.3404 
9.2400 462.0000 364.3907 
9.2500 462.5000 401.3179 
9.2600 463.0000 401.3680 
9.2700 463.5000 401.4181 
9.2800 464.0000 401.4683 
9.2900 464.5000 401.5198 
9.3000 465.0000 401.5699 
9.3100 465.5000 435.2756 
9.3200 466.0000 438.6381 
9.3300 466.5000 438.6884 
9.3400 467.0000 438.7384 
9.3500 467.5000 438.7885 
9.3600 468.0000 463.4424 
9.3700 468.5000 463.4925 
9.3800 469.0000 476.7227 
9.3900 469.5000 476.7728 
9.4000 470.0000 476.8229 
9.4100 470.5000 476.8744 
9.4200 471.0000 502.0661 
9.4300 471.5000 502.1162 
9.4400 472.0000 502.1668 
9.4500 472.5000 502.2169 
9.4600 473.0000 502.2681 
9.4700 473.5000 516.5282 
9.4800 474.0000 516.5794 
9.4900 474.5000 516.6352 
9.5000 475.0000 516.6853 
9.5100 475.5000 516.7354 
9.5200 476.0000 516.7861 
9.5300 476.5000 516.8361 
9.5400 477.0000 516.8862 
9.5500 477.5000 516.9362 
9.5600 478.0000 598.9180 
9.5700 478.5000 598.9680 
9.5800 479.0000 599.0195 
9.5900 479.5000 599.0801 
9.6000 480.0000 599.1302 
9.6100 480.5000 599.1802 
9.6200 481.0000 632.5282 
9.6300 481.5000 632.5782 
9.6400 482.0000 632.6283 
9.6500 482.5000 632.6783 
9.6600 483.0000 632.7284 
9.6700 483.5000 632.8007 
9.6800 484.0000 632.8528 
9.6900 484.5000 632.9029 
9.7000 485.0000 682.4707 
9.7100 485.5000 682.5207 
9.7200 486.0000 694.6618 
9.7300 486.5000 706.6710 
9.7400 487.0000 706.7211 
9.7500 487.5000 706.7711 
9.7600 488.0000 706.8447 
9.7700 488.5000 737.1370 
9.7800 489.0000 737.1874 
9.7900 489.5000 737.2376 
9.8000 490.0000 737.2883 
9.8100 490.5000 737.3391 
9.8200 491.0000 737.3893 
9.8300 491.5000 767.5984 
9.8400 492.0000 767.6484 
9.8500 492.5000 767.6985 
9.8600 493.0000 767.7485 
9.8700 493.5000 767.7990 
9.8800 494.0000 825.0126 
9.8900 494.5000 825.0626 
9.9000 495.0000 825.1126 
9.9100 495.5000 835.5061 
9.9200 496.0000 847.6101 
9.9300 496.5000 858.7163 
9.9400 497.0000 858.7663 
9.9500 497.5000 858.8165 
9.9600 498.0000 891.6370 
9.9700 498.5000 891.6870 
9.9800 499.0000 895.8005 
9.9900 499.5000 895.8512 
10.0000 500.0000 895.9022 
